A = ones(4,4)
A(1,1) = 9
A(2,3) = 4
A(3,2:4) = [7 3 9]